(0.0, 0.0, 0.0)
(0.0, 0.0, 0.0)
(0.0, 0.0, 0.0)
(0.0, 0.0, 0.0)
(0.0, 0.0, 0.0)
(0.0, 0.0, 0.0)
(0.0, 0.0, 0.0)
(0.0, 0.0, 0.0)
(0.0, 0.0, 0.0)
(0.0, 0.0, 0.0)
(0.0, 0.0, 0.0)
(0.0, 0.0, 0.0)
(0.0, 0.0, 0.0)
(0.0, 0.0, 0.0)
(0.0, 0.0, 0.0)
(0.0, 0.0, 0.0)
(-0.001247107982635498, -0.05655136704444885, -0.004804704200916027)
(-0.0009738802909851074, -0.05664247274398804, 0.012312375078006144)
(-0.004617273807525635, -0.106556236743927, 0.01572166234030306)
(-0.006880462169647217, -0.1524185836315155, 0.023336776673372195)
(-0.010301053524017334, -0.1471330225467682, 0.032592292380041354)
(-0.011177003383636475, -0.14957910776138306, 0.03518312883852773)
(-0.009949803352355957, -0.14886900782585144, 0.035535690075998355)
(-0.004745900630950928, -0.1513296365737915, 0.03247795549527924)
(7.75456428527832e-05, -0.15371331572532654, 0.03214054170642769)
(0.0028052330017089844, -0.15357321500778198, 0.030162784076223137)
(0.0038092732429504395, -0.1550879180431366, 0.0307880513789712)
(0.0034252405166625977, -0.1550094485282898, 0.029243325817975924)
(0.003603219985961914, -0.15267732739448547, 0.02836045815228283)
(0.00365447998046875, -0.15194597840309143, 0.0289146003468633)
(0.0029577016830444336, -0.15117016434669495, 0.0291518055932381)
(0.0034881234169006348, -0.15124765038490295, 0.028838612065733182)
(0.0047463178634643555, -0.15223079919815063, 0.028289402482878007)
(0.005876302719116211, -0.15238770842552185, 0.02940038011673038)
(0.0071007609367370605, -0.15298932790756226, 0.030792975211957813)
(0.006264448165893555, -0.15487343072891235, 0.03246504733007047)
(0.005714058876037598, -0.15520110726356506, 0.033100218321857305)
(0.004640400409698486, -0.15426105260849, 0.03337756192941524)
(0.0036538243293762207, -0.15403759479522705, 0.03396324207922949)
(0.0034920573234558105, -0.15486657619476318, 0.03456896711849369)
(0.002836167812347412, -0.15442314743995667, 0.03388778022284633)
(0.002771914005279541, -0.15322241187095642, 0.033808771759366446)
(0.00268632173538208, -0.15402430295944214, 0.033693084479522906)
(0.0032888054847717285, -0.15438511967658997, 0.03362028936577935)
(0.003832578659057617, -0.15486663579940796, 0.03343501668281704)
(0.00467073917388916, -0.15702959895133972, 0.03311455365269661)
(0.004704117774963379, -0.1572599709033966, 0.03313598936616824)
(0.004736125469207764, -0.15745556354522705, 0.03337645939485151)
(0.005123436450958252, -0.1570584774017334, 0.03345207960460131)
(0.005501389503479004, -0.15747570991516113, 0.03487717539110172)
(0.005517363548278809, -0.15767723321914673, 0.03472840859197607)
(0.00584644079208374, -0.156987726688385, 0.035264587457447455)
(0.005482494831085205, -0.1570276916027069, 0.035233713456525595)
(0.005311012268066406, -0.15605413913726807, 0.03566518064666299)
(0.00486910343170166, -0.15580734610557556, 0.03610327606090655)
(0.00453561544418335, -0.15557757019996643, 0.03679939616089484)
(0.004609227180480957, -0.15537089109420776, 0.03742979119910514)
(0.004606962203979492, -0.15520384907722473, 0.0365734994903901)
(0.005179405212402344, -0.1548198163509369, 0.03518400340224331)
(0.006479084491729736, -0.1555667221546173, 0.03494060652068165)
(0.007133305072784424, -0.15577095746994019, 0.03483133381477174)
(0.007936060428619385, -0.15749630331993103, 0.03390127043667146)
(0.008589863777160645, -0.15883249044418335, 0.03385512724684758)
(0.010156869888305664, -0.16166061162948608, 0.03320126960440434)
(0.011278629302978516, -0.16229113936424255, 0.03558709383707484)
(0.010306000709533691, -0.16297492384910583, 0.0349301431222645)
(0.011286735534667969, -0.1633446216583252, 0.034687992602511264)
(0.011406660079956055, -0.1631525754928589, 0.03422137138739609)
(0.01150435209274292, -0.16343563795089722, 0.034516879600939104)
(0.010902822017669678, -0.16408857703208923, 0.03497037863210187)
(0.009528696537017822, -0.16394782066345215, 0.03565740458974645)
(0.008233308792114258, -0.1649269461631775, 0.03632351813061313)
(0.0062010884284973145, -0.16462662816047668, 0.036634442085241664)
(0.0036894679069519043, -0.16166812181472778, 0.03727122480993003)
(-0.002574443817138672, -0.16273397207260132, 0.03794905552169653)
(-0.007387399673461914, -0.1617734134197235, 0.03744620779681171)
(-0.017209947109222412, -0.15025311708450317, 0.03025616124137867)
(-0.033814042806625366, -0.14391636848449707, 0.024163475882017532)
(-0.06308439373970032, -0.13482216000556946, 0.022058009891069014)
(-0.08850771188735962, -0.11752241849899292, 0.027994964796141247)
(-0.11634090542793274, -0.07562205195426941, 0.026001739999841483)
(-0.14976248145103455, -0.06747192144393921, 0.019190652132827946)
(-0.19120267033576965, -0.03563284873962402, 0.01922853100546215)
(-0.20804989337921143, -0.026363134384155273, 0.019348241444647585)
(-0.21015793085098267, -0.03794437646865845, 0.020838315723818723)
(-0.20398563146591187, -0.07306316494941711, 0.018697312309768316)
(-0.19411513209342957, -0.11739054322242737, 0.024365136600933396)
(-0.1877405047416687, -0.1555684208869934, 0.02979656935102462)
(-0.18103593587875366, -0.1923046112060547, 0.037230537204785946)
(-0.18452319502830505, -0.22490110993385315, 0.04656482741870821)
(-0.19547218084335327, -0.24610501527786255, 0.05179515512932148)
(-0.2072799801826477, -0.25842228531837463, 0.04860735906246433)
(-0.22490733861923218, -0.251591295003891, 0.04750304573407918)
(-0.23879754543304443, -0.24258720874786377, 0.05151575738412292)
(-0.2550559937953949, -0.22556310892105103, 0.05161167035222519)
(-0.2841429263353348, -0.19652807712554932, 0.055939135485559066)
(-0.2823724299669266, -0.20062127709388733, 0.05752431914569697)
(-0.3039603978395462, -0.1417190432548523, 0.053541704349721525)
(-0.32777391374111176, -0.1045336127281189, 0.05043577503555374)
(-0.3491794317960739, -0.06462022662162781, 0.04903934486551095)
(-0.3593006581068039, -0.009797751903533936, 0.059364418833530996)
(-0.37226274609565735, 0.010262727737426758, 0.057371228288636084)
(-0.37644556164741516, 0.04865288734436035, 0.05010622422623562)
(-0.36962541937828064, 0.08382242918014526, 0.0500995650475739)
(-0.357049822807312, 0.11710304021835327, 0.044899129309522834)
(-0.3564600646495819, 0.11581653356552124, 0.03745617972242948)
(-0.343468114733696, 0.1488359570503235, 0.035183531390628214)
(-0.311229944229126, 0.18208390474319458, 0.03519735206373992)
(-0.2912793308496475, 0.20298415422439575, 0.03862111851686362)
(-0.2450459897518158, 0.22706156969070435, 0.04353753985989753)
(-0.24092993140220642, 0.2320135235786438, 0.035893096016294895)
(-0.16965001821517944, 0.19605427980422974, 0.05082120617736674)
(-0.12480023503303528, 0.23130637407302856, 0.04714582731190928)
(-0.03876015543937683, 0.1715722680091858, 0.0313631551654045)
(-0.02653789520263672, 0.1595572829246521, 0.0339138688912462)
(0.019480526447296143, 0.12066924571990967, 0.018012108070956018)
(0.07157117128372192, 0.0363008975982666, -0.002542272391786976)
(0.12536382675170898, -0.05218049883842468, -0.006010250296258707)
(0.16983014345169067, -0.12574559450149536, -0.0025271293068562517)
(0.16924208402633667, -0.12568503618240356, 0.0033302621569125113)
(0.2046518325805664, -0.1828177571296692, 0.01093605732638639)
(0.22802305221557617, -0.2221822440624237, 0.013994190502541137)
(0.23555493354797363, -0.25466638803482056, 0.02215702183177673)
(0.23745697736740112, -0.25571513175964355, 0.023776817087981544)
(0.23235934972763062, -0.2714014947414398, 0.027199210346947222)
(0.22395777702331543, -0.27528713643550873, 0.03161809336791979)
(0.21466654539108276, -0.2750195264816284, 0.03350426460205838)
(0.20780056715011597, -0.2740379869937897, 0.036087151865781486)
(0.20895206928253174, -0.275861531496048, 0.036185398761389514)
(0.2056758999824524, -0.2787475138902664, 0.034443547222907295)
(0.1948888897895813, -0.2800168991088867, 0.03147527753725471)
(0.16449159383773804, -0.2784316688776016, 0.028622659312243337)
(0.1662083864212036, -0.27772094309329987, 0.027541807600514973)
(0.13048827648162842, -0.2669539749622345, 0.026626465421886403)
(0.06322348117828369, -0.22384586930274963, 0.02817844063606237)
(0.014670193195343018, -0.17586883902549744, 0.029788604090245835)
(-0.024223506450653076, -0.1330871284008026, 0.02966889230411804)
(-0.04866936802864075, -0.10023745894432068, 0.024587470221427876)
(-0.058767616748809814, -0.09482303261756897, 0.022942105193371698)
(-0.06495076417922974, -0.10251346230506897, 0.023582164386183713)
(-0.05635488033294678, -0.1314898431301117, 0.022328500545438362)
(-0.047688454389572144, -0.16246098279953003, 0.023093480622677964)
(-0.042651236057281494, -0.19000697135925293, 0.028690510584268025)
(-0.041695743799209595, -0.21682503819465637, 0.034768032009387606)
(-0.04567784070968628, -0.23563343286514282, 0.04082422010331352)
(-0.05373305082321167, -0.2544410228729248, 0.049953160652929485)
(-0.058461546897888184, -0.2769705504179001, 0.05329791151427857)
(-0.07142126560211182, -0.2838714271783829, 0.05730642493882057)
(-0.08339506387710571, -0.29535330832004547, 0.061611287789508584)
(-0.09467598795890808, -0.3015126436948776, 0.06778145206432679)
(-0.10613298416137695, -0.29644714295864105, 0.07241730656190748)
(-0.10888892412185669, -0.3048820495605469, 0.07715875850039766)
(-0.12353116273880005, -0.29072800278663635, 0.07991621514892971)
(-0.17014220356941223, -0.2778792381286621, 0.07443011178412517)
(-0.16878566145896912, -0.2724197804927826, 0.07873911393226968)
(-0.2001350224018097, -0.2495422065258026, 0.07320089669603219)
(-0.21775230765342712, -0.22148722410202026, 0.07600944203868482)
(-0.23483824729919434, -0.193232923746109, 0.07581596217891565)
(-0.25386759638786316, -0.16054776310920715, 0.07987868187823557)
(-0.27319231629371643, -0.13172006607055664, 0.0806425667343603)
(-0.2886551469564438, -0.06581118702888489, 0.08127741345740663)
(-0.2972324341535568, -0.03968954086303711, 0.07161512218406269)
(-0.30010396242141724, -0.004803180694580078, 0.06953749656672625)
(-0.2976299971342087, 0.022848010063171387, 0.06773162801055266)
(-0.2914806753396988, 0.07734125852584839, 0.062043677357758925)
(-0.28868715465068817, 0.08647823333740234, 0.04317222612865532)
(-0.2601688504219055, 0.1442738175392151, 0.039132959268610684)
(-0.2605387270450592, 0.15513086318969727, 0.029793570849649093)
(-0.21800917387008667, 0.20148217678070068, 0.04213150832899509)
(-0.1880647838115692, 0.21846795082092285, 0.03307412695951864)
(-0.1495899260044098, 0.23814761638641357, 0.040307897530751646)
(-0.11213532090187073, 0.22183233499526978, 0.03654832504627434)
(-0.07007277011871338, 0.19521725177764893, 0.027451484117392816)
(-0.023248404264450073, 0.15723657608032227, 0.020880255377002888)
(-0.02265283465385437, 0.17160677909851074, 0.018605892891195353)
(0.010213494300842285, 0.10718280076980591, -0.0009184862757046774)
(0.006234109401702881, 0.11297845840454102, -0.001222375521972574)
(0.023611843585968018, 0.06508833169937134, -0.012238104716191994)
(0.045860230922698975, 0.019241511821746826, -0.005439312246957567)
(0.05775266885757446, -0.006358802318572998, 0.0032718171515183914)
(0.05695915222167969, -0.015052616596221924, 0.004566595589911404)
(0.062441349029541016, -0.0267716646194458, 0.010852547491455533)
(0.06763887405395508, -0.03982779383659363, 0.014040326578751317)
(0.06998378038406372, -0.04915007948875427, 0.010965996757594604)
(0.07294636964797974, -0.050351887941360474, 0.008608045602218894)
(0.07316291332244873, -0.056071460247039795, 0.010477953616096408)
(0.0761570930480957, -0.060485512018203735, 0.010815339102082627)
(0.07951128482818604, -0.06361716985702515, 0.009710957618279309)
(0.0794641375541687, -0.06370991468429565, 0.009770727263064466)
(0.08061999082565308, -0.06344455480575562, 0.009987254509198268)
(0.08231216669082642, -0.06382504105567932, 0.01010212805412461)
(0.0854913592338562, -0.06397736072540283, 0.009903948581720307)
(0.08800441026687622, -0.06554442644119263, 0.009941777603023894)
(0.08836442232131958, -0.06621032953262329, 0.011447968816220011)
(0.09118211269378662, -0.06497392058372498, 0.010868465842408082)
(0.09110766649246216, -0.06583139300346375, 0.011252413156920021)
(0.09540665149688721, -0.06749078631401062, 0.009397439857157408)
(0.09890639781951904, -0.06974756717681885, 0.00687702716771274)
(0.10056525468826294, -0.06903859972953796, 0.005841254971673343)
(0.10076075792312622, -0.07422181963920593, 0.006187222074576032)
(0.10633409023284912, -0.07951024174690247, 0.007995327375174305)
(0.10754191875457764, -0.0789688229560852, 0.008322143674926452)
(0.11280858516693115, -0.09100478887557983, 0.011253791259334872)
(0.12475568056106567, -0.11116927862167358, 0.012288266652166369)
(0.13943451642990112, -0.14154505729675293, 0.0127821451183045)
(0.15884417295455933, -0.1808129847049713, 0.008896221222687517)
(0.1623070240020752, -0.18286627531051636, 0.012693794864886948)
(0.17683345079421997, -0.21993297338485718, 0.0138006842785868)
(0.18789416551589966, -0.2484530210494995, 0.017291272755866532)
(0.1838078498840332, -0.27856431901454926, 0.022411688547955333)
(0.18416494131088257, -0.2801143527030945, 0.025513011295323323)
(0.14850008487701416, -0.2979187071323395, 0.026797661204799927)
(0.13060039281845093, -0.30256228148937225, 0.035322234387233614)
(0.11706531047821045, -0.30293744802474976, 0.03780007649809089)
(0.09193193912506104, -0.2967326045036316, 0.0450584104202027)
(0.07198017835617065, -0.29706862568855286, 0.04730492035406003)
(0.050559818744659424, -0.28125447034835815, 0.04679733380232154)
(0.023692727088928223, -0.27340906858444214, 0.049105555974775394)
(0.004374146461486816, -0.25609681010246277, 0.050819233797166796)
(-0.01681816577911377, -0.21217572689056396, 0.05147925079592916)
(-0.03585311770439148, -0.17769089341163635, 0.04974567380643824)
(-0.06259319186210632, -0.18131616711616516, 0.05237442837543829)
(-0.08213657140731812, -0.1550968587398529, 0.05212461448757835)
(-0.10224542021751404, -0.13100969791412354, 0.04949106089651853)
(-0.12523368000984192, -0.10729953646659851, 0.04423948080932355)
(-0.13675770163536072, -0.08442914485931396, 0.03866013671690832)
(-0.14911964535713196, -0.0810137689113617, 0.0346671492454024)
(-0.15302258729934692, -0.0865112841129303, 0.03266039605839391)
(-0.14962977170944214, -0.09980815649032593, 0.031246910543215406)
(-0.14507851004600525, -0.12147018313407898, 0.03380239628995943)
(-0.14044082164764404, -0.14809921383857727, 0.03493663123613286)
(-0.13501903414726257, -0.18344613909721375, 0.03397268025720279)
(-0.13148021697998047, -0.21613797545433044, 0.03714599265206847)
(-0.12670308351516724, -0.23777493834495544, 0.04255800054582784)
(-0.13224077224731445, -0.26395174860954285, 0.049070701132618244)
(-0.14150789380073547, -0.2779524624347687, 0.05617597272260799)
(-0.149393230676651, -0.2895810008049011, 0.05858455094344442)
(-0.16149592399597168, -0.2919243723154068, 0.06180068808677097)
(-0.17764076590538025, -0.28855669498443604, 0.060289444844244616)
(-0.19401484727859497, -0.2809310555458069, 0.06253195834039821)
(-0.2109190821647644, -0.2586343586444855, 0.06309658604909651)
(-0.22598958015441895, -0.22584593296051025, 0.06550673093906545)
(-0.2436898648738861, -0.1829809546470642, 0.06501174067589932)
(-0.26495206356048584, -0.1692488193511963, 0.0683185906926346)
(-0.2833292782306671, -0.15771380066871643, 0.06339068024396843)
(-0.29606761038303375, -0.11099043488502502, 0.06313575168423477)
(-0.29636581242084503, -0.058803945779800415, 0.06283606623546714)
